
position = [
    192 10; 
    192 135*1; 
    192 135*2; 
    192 135*3; 
    192 135*4; 
    192 135*5; 
    192 135*6; 
    192 135*7; 
    1152 10; 
    1152 135*1; 
    1152 135*2; 
    1152 135*3; 
    1152 135*4; 
    1152 135*5; 
    1152 135*6; 
    1152 135*7; 
]
